1 1 (7) 3 : 0.44 0.56
2 2 (0) 3 : 0.583 0.417
3 3 (0) 3 : 0.648 0.352
4 4 (0) 3 : 0.561 0.439
5 5 (7) 3 : 0.751 0.249
6 6 (0) 3 : 0.573 0.427
7 7 (0) 3 : 0.553 0.447
8 8 (7) 3 : 0.783 0.217
9 9 (0) 3 : 0.543 0.457
10 10 (7) 3 : 0.603 0.397
11 11 (0) 3 : 0.594 0.406
12 12 (0) 3 : 0.631 0.369
13 13 (0) 3 : 0.621 0.379
14 14 (0) 3 : 0.609 0.391
15 15 (7) 3 : 0.577 0.423
16 16 (0) 3 : 0.443 0.557
17 17 (0) 3 : 0.519 0.481
18 18 (7) 3 : 0.609 0.391
19 19 (0) 3 : 0.571 0.429
20 20 (0) 3 : 0.703 0.297
21 21 (0) 3 : 0.557 0.443
22 22 (0) 3 : 0.708 0.292
23 23 (0) 3 : 0.67 0.33
24 24 (0) 3 : 0.691 0.309
25 25 (0) 3 : 0.547 0.453
26 26 (0) 3 : 0.658 0.342
27 27 (0) 3 : 0.62 0.38
28 28 (0) 3 : 0.635 0.365
29 29 (0) 3 : 0.599 0.401
30 30 (0) 3 : 0.574 0.426
31 31 (0) 3 : 0.574 0.426
32 32 (0) 3 : 0.697 0.303
33 33 (7) 3 : 0.604 0.396
34 34 (0) 3 : 0.567 0.433
35 35 (0) 3 : 0.625 0.375
36 36 (0) 3 : 0.66 0.34
37 37 (0) 3 : 0.746 0.254
38 38 (0) 3 : 0.694 0.306
39 39 (0) 1 : 0.629 0.371
40 40 (0) 1 : 0.654 0.346
41 41 (0) 1 : 0.461 0.539
42 42 (0) 1 : 0.541 0.459
43 43 (7) 3 : 0.575 0.425
44 44 (7) 3 : 0.632 0.368
45 45 (0) 1 : 0.526 0.474
46 46 (0) 1 : 0.569 0.431
47 47 (0) 1 : 0.599 0.401
48 48 (0) 1 : 0.539 0.461
49 49 (0) 3 : 0.591 0.409
50 50 (0) 3 : 0.621 0.379
51 51 (7) 3 : 0.648 0.352
52 52 (7) 3 : 0.555 0.445
53 53 (0) 3 : 0.533 0.467
54 54 (0) 3 : 0.677 0.323
55 55 (0) 3 : 0.603 0.397
56 56 (0) 3 : 0.53 0.47
57 57 (0) 3 : 0.639 0.361
58 58 (0) 3 : 0.683 0.317
59 59 (0) 3 : 0.487 0.513
60 60 (0) 3 : 0.583 0.417
61 61 (0) 3 : 0.646 0.354
62 62 (0) 3 : 0.551 0.449
63 63 (0) 1 : 0.595 0.405
64 64 (0) 1 : 0.49 0.51
65 65 (0) 1 : 0.41 0.59
66 66 (0) 1 : 0.503 0.497
67 67 (0) 1 : 0.51 0.49
68 68 (0) 1 : 0.666 0.334
69 69 (0) 3 : 0.431 0.569
70 70 (0) 3 : 0.611 0.389
71 71 (0) 3 : 0.648 0.352
72 72 (0) 3 : 0.663 0.337
73 73 (7) 3 : 0.607 0.393
74 74 (0) 3 : 0.572 0.428
75 75 (0) 3 : 0.621 0.379
76 76 (0) 3 : 0.601 0.399
77 77 (0) 3 : 0.66 0.34
78 78 (14) 3 : 0.624 0.376
79 79 (0) 3 : 0.617 0.383
80 80 (0) 3 : 0.563 0.437
81 81 (0) 2 : 0.001 0.999
82 82 (0) 3 : 0.65 0.35
83 83 (0) 3 : 0.564 0.436
84 84 (0) 3 : 0.423 0.577
85 85 (0) 3 : 0.53 0.47
86 86 (0) 3 : 0.541 0.459
87 87 (0) 3 : 0.714 0.286
88 88 (0) 3 : 0.543 0.457
89 89 (0) 3 : 0.586 0.414
90 90 (0) 3 : 0.645 0.355
91 91 (0) 3 : 0.531 0.469
92 92 (0) 3 : 0.732 0.268
93 93 (0) 3 : 0.636 0.364
94 94 (0) 3 : 0.565 0.435
95 95 (0) 3 : 0.548 0.452
96 96 (0) 3 : 0.53 0.47
97 97 (0) 3 : 0.685 0.315
98 98 (0) 3 : 0.743 0.257
99 99 (0) 3 : 0.609 0.391
100 100 (0) 2 : 0.001 0.999
101 101 (0) 2 : 0.002 0.998
102 102 (0) 2 : 0.002 0.998
103 103 (0) 3 : 0.579 0.421
104 104 (7) 2 : 0.007 0.993
105 105 (7) 2 : 0.003 0.997
106 106 (0) 2 : 0.001 0.999
107 107 (0) 3 : 0.511 0.489
108 108 (0) 2 : 0.001 0.999
109 109 (0) 2 : 0.001 0.999
110 110 (0) 2 : 0.013 0.987
111 111 (0) 3 : 0.602 0.398
112 112 (0) 2 : 0.001 0.999
113 113 (0) 2 : 0.002 0.998
114 114 (0) 2 : 0.006 0.994
115 115 (7) 2 : 0.007 0.993
116 116 (0) 2 : 0.001 0.999
117 117 (0) 2 : 0.001 0.999
118 118 (0) 3 : 0.689 0.311
119 119 (0) 3 : 0.418 0.582
120 120 (0) 3 : 0.478 0.522
121 121 (0) 3 : 0.609 0.391
122 122 (0) 3 : 0.519 0.481
123 123 (0) 3 : 0.642 0.358
124 124 (0) 3 : 0.546 0.454
125 125 (0) 3 : 0.694 0.306
126 126 (0) 3 : 0.576 0.424
127 127 (7) 3 : 0.726 0.274
128 128 (0) 3 : 0.612 0.388
129 129 (0) 3 : 0.676 0.324
130 130 (0) 3 : 0.615 0.385
131 131 (0) 3 : 0.684 0.316
132 132 (0) 3 : 0.539 0.461
133 133 (0) 3 : 0.679 0.321
134 134 (0) 3 : 0.753 0.247
135 135 (0) 3 : 0.554 0.446
136 136 (0) 3 : 0.683 0.317
137 137 (0) 3 : 0.655 0.345
138 138 (0) 3 : 0.666 0.334
139 139 (0) 3 : 0.54 0.46
140 140 (0) 3 : 0.676 0.324
141 141 (0) 3 : 0.559 0.441
142 142 (0) 3 : 0.516 0.484
143 143 (0) 3 : 0.743 0.257
144 144 (0) 3 : 0.617 0.383
145 145 (0) 3 : 0.496 0.504
146 146 (0) 3 : 0.563 0.437
147 147 (0) 3 : 0.6 0.4
148 148 (0) 3 : 0.652 0.348
149 149 (0) 3 : 0.57 0.43
150 150 (0) 3 : 0.626 0.374
151 151 (7) 2 : 0.004 0.996
152 152 (0) 2 : 0.001 0.999
153 153 (7) 3 : 0.486 0.514
154 154 (0) 3 : 0.626 0.374
155 155 (0) 3 : 0.685 0.315
156 156 (0) 3 : 0.573 0.427
157 157 (0) 3 : 0.654 0.346
158 158 (7) 3 : 0.568 0.432
159 159 (14) 3 : 0.602 0.398
160 160 (0) 3 : 0.517 0.483
161 161 (0) 3 : 0.676 0.324
162 162 (0) 3 : 0.586 0.414
163 163 (0) 3 : 0.6 0.4
164 164 (0) 3 : 0.587 0.413
165 165 (0) 3 : 0.482 0.518
166 166 (0) 2 : 0.002 0.998
167 167 (0) 3 : 0.558 0.442
168 168 (0) 3 : 0.564 0.436
169 169 (0) 3 : 0.652 0.348
170 170 (0) 3 : 0.563 0.437
171 171 (0) 3 : 0.677 0.323
172 172 (0) 3 : 0.761 0.239
173 173 (0) 3 : 0.617 0.383
174 174 (0) 3 : 0.628 0.372
175 175 (0) 3 : 0.687 0.313
176 176 (0) 3 : 0.547 0.453
177 177 (0) 3 : 0.661 0.339
178 178 (0) 3 : 0.707 0.293
179 179 (0) 3 : 0.504 0.496
180 180 (0) 3 : 0.629 0.371
181 181 (0) 3 : 0.487 0.513
182 182 (0) 3 : 0.635 0.365
183 183 (0) 3 : 0.61 0.39
184 184 (0) 2 : 0.011 0.989
185 185 (0) 2 : 0.006 0.994
186 186 (0) 2 : 0.005 0.995
187 187 (0) 2 : 0.004 0.996
188 188 (0) 2 : 0.004 0.996
189 189 (0) 2 : 0.001 0.999
1 1 (7) 3 : 0.44 0.56
2 2 (0) 3 : 0.583 0.417
3 3 (0) 3 : 0.648 0.352
4 4 (0) 3 : 0.561 0.439
5 5 (7) 3 : 0.751 0.249
6 6 (0) 3 : 0.573 0.427
7 7 (0) 3 : 0.553 0.447
8 8 (7) 3 : 0.783 0.217
9 9 (0) 3 : 0.543 0.457
10 10 (7) 3 : 0.603 0.397
11 11 (0) 3 : 0.594 0.406
12 12 (0) 3 : 0.631 0.369
13 13 (0) 3 : 0.621 0.379
14 14 (0) 3 : 0.608 0.392
15 15 (7) 3 : 0.577 0.423
16 16 (0) 3 : 0.443 0.557
17 17 (0) 3 : 0.52 0.48
18 18 (7) 3 : 0.609 0.391
19 19 (0) 3 : 0.571 0.429
20 20 (0) 3 : 0.704 0.296
21 21 (0) 3 : 0.558 0.442
22 22 (0) 3 : 0.708 0.292
23 23 (0) 3 : 0.67 0.33
24 24 (0) 3 : 0.691 0.309
25 25 (0) 3 : 0.547 0.453
26 26 (0) 3 : 0.657 0.343
27 27 (0) 3 : 0.619 0.381
28 28 (0) 3 : 0.635 0.365
29 29 (0) 3 : 0.599 0.401
30 30 (0) 3 : 0.574 0.426
31 31 (0) 3 : 0.574 0.426
32 32 (0) 3 : 0.698 0.302
33 33 (7) 3 : 0.604 0.396
34 34 (0) 3 : 0.567 0.433
35 35 (0) 3 : 0.624 0.376
36 36 (0) 3 : 0.661 0.339
37 37 (0) 3 : 0.746 0.254
38 38 (0) 3 : 0.694 0.306
39 39 (0) 1 : 0.63 0.37
40 40 (0) 1 : 0.654 0.346
41 41 (0) 1 : 0.461 0.539
42 42 (0) 1 : 0.54 0.46
43 43 (7) 3 : 0.575 0.425
44 44 (7) 3 : 0.632 0.368
45 45 (0) 1 : 0.525 0.475
46 46 (0) 1 : 0.569 0.431
47 47 (0) 1 : 0.599 0.401
48 48 (0) 1 : 0.539 0.461
49 49 (0) 3 : 0.591 0.409
50 50 (0) 3 : 0.62 0.38
51 51 (7) 3 : 0.647 0.353
52 52 (7) 3 : 0.555 0.445
53 53 (0) 3 : 0.534 0.466
54 54 (0) 3 : 0.676 0.324
55 55 (0) 3 : 0.603 0.397
56 56 (0) 3 : 0.53 0.47
57 57 (0) 3 : 0.639 0.361
58 58 (0) 3 : 0.682 0.318
59 59 (0) 3 : 0.487 0.513
60 60 (0) 3 : 0.582 0.418
61 61 (0) 3 : 0.647 0.353
62 62 (0) 3 : 0.552 0.448
63 63 (0) 1 : 0.596 0.404
64 64 (0) 1 : 0.489 0.511
65 65 (0) 1 : 0.41 0.59
66 66 (0) 1 : 0.503 0.497
67 67 (0) 1 : 0.51 0.49
68 68 (0) 1 : 0.665 0.335
69 69 (0) 3 : 0.43 0.57
70 70 (0) 3 : 0.611 0.389
71 71 (0) 3 : 0.648 0.352
72 72 (0) 3 : 0.663 0.337
73 73 (7) 3 : 0.606 0.394
74 74 (0) 3 : 0.571 0.429
75 75 (0) 3 : 0.621 0.379
76 76 (0) 3 : 0.602 0.398
77 77 (0) 3 : 0.66 0.34
78 78 (14) 3 : 0.625 0.375
79 79 (0) 3 : 0.617 0.383
80 80 (0) 3 : 0.563 0.437
81 81 (0) 2 : 0.001 0.999
82 82 (0) 3 : 0.65 0.35
83 83 (0) 3 : 0.564 0.436
84 84 (0) 3 : 0.423 0.577
85 85 (0) 3 : 0.53 0.47
86 86 (0) 3 : 0.54 0.46
87 87 (0) 3 : 0.714 0.286
88 88 (0) 3 : 0.542 0.458
89 89 (0) 3 : 0.586 0.414
90 90 (0) 3 : 0.644 0.356
91 91 (0) 3 : 0.53 0.47
92 92 (0) 3 : 0.732 0.268
93 93 (0) 3 : 0.635 0.365
94 94 (0) 3 : 0.564 0.436
95 95 (0) 3 : 0.548 0.452
96 96 (0) 3 : 0.529 0.471
97 97 (0) 3 : 0.684 0.316
98 98 (0) 3 : 0.744 0.256
99 99 (0) 3 : 0.609 0.391
100 100 (0) 2 : 0.001 0.999
101 101 (0) 2 : 0.002 0.998
102 102 (0) 2 : 0.002 0.998
103 103 (0) 3 : 0.579 0.421
104 104 (7) 2 : 0.007 0.993
105 105 (7) 2 : 0.003 0.997
106 106 (0) 2 : 0.001 0.999
107 107 (0) 3 : 0.512 0.488
108 108 (0) 2 : 0.001 0.999
109 109 (0) 2 : 0.001 0.999
110 110 (0) 2 : 0.013 0.987
111 111 (0) 3 : 0.603 0.397
112 112 (0) 2 : 0.001 0.999
113 113 (0) 2 : 0.002 0.998
114 114 (0) 2 : 0.006 0.994
115 115 (7) 2 : 0.007 0.993
116 116 (0) 2 : 0.001 0.999
117 117 (0) 2 : 0.001 0.999
118 118 (0) 3 : 0.688 0.312
119 119 (0) 3 : 0.419 0.581
120 120 (0) 3 : 0.477 0.523
121 121 (0) 3 : 0.609 0.391
122 122 (0) 3 : 0.52 0.48
123 123 (0) 3 : 0.641 0.359
124 124 (0) 3 : 0.546 0.454
125 125 (0) 3 : 0.694 0.306
126 126 (0) 3 : 0.576 0.424
127 127 (7) 3 : 0.726 0.274
128 128 (0) 3 : 0.612 0.388
129 129 (0) 3 : 0.675 0.325
130 130 (0) 3 : 0.615 0.385
131 131 (0) 3 : 0.684 0.316
132 132 (0) 3 : 0.539 0.461
133 133 (0) 3 : 0.678 0.322
134 134 (0) 3 : 0.754 0.246
135 135 (0) 3 : 0.555 0.445
136 136 (0) 3 : 0.683 0.317
137 137 (0) 3 : 0.655 0.345
138 138 (0) 3 : 0.666 0.334
139 139 (0) 3 : 0.54 0.46
140 140 (0) 3 : 0.676 0.324
141 141 (0) 3 : 0.56 0.44
142 142 (0) 3 : 0.515 0.485
143 143 (0) 3 : 0.743 0.257
144 144 (0) 3 : 0.618 0.382
145 145 (0) 3 : 0.497 0.503
146 146 (0) 3 : 0.564 0.436
147 147 (0) 3 : 0.599 0.401
148 148 (0) 3 : 0.652 0.348
149 149 (0) 3 : 0.57 0.43
150 150 (0) 3 : 0.625 0.375
151 151 (7) 2 : 0.004 0.996
152 152 (0) 2 : 0.001 0.999
153 153 (7) 3 : 0.487 0.513
154 154 (0) 3 : 0.626 0.374
155 155 (0) 3 : 0.685 0.315
156 156 (0) 3 : 0.573 0.427
157 157 (0) 3 : 0.654 0.346
158 158 (7) 3 : 0.568 0.432
159 159 (14) 3 : 0.602 0.398
160 160 (0) 3 : 0.517 0.483
161 161 (0) 3 : 0.677 0.323
162 162 (0) 3 : 0.586 0.414
163 163 (0) 3 : 0.6 0.4
164 164 (0) 3 : 0.587 0.413
165 165 (0) 3 : 0.482 0.518
166 166 (0) 2 : 0.002 0.998
167 167 (0) 3 : 0.558 0.442
168 168 (0) 3 : 0.564 0.436
169 169 (0) 3 : 0.652 0.348
170 170 (0) 3 : 0.563 0.437
171 171 (0) 3 : 0.677 0.323
172 172 (0) 3 : 0.761 0.239
173 173 (0) 3 : 0.617 0.383
174 174 (0) 3 : 0.627 0.373
175 175 (0) 3 : 0.687 0.313
176 176 (0) 3 : 0.546 0.454
177 177 (0) 3 : 0.661 0.339
178 178 (0) 3 : 0.707 0.293
179 179 (0) 3 : 0.504 0.496
180 180 (0) 3 : 0.628 0.372
181 181 (0) 3 : 0.487 0.513
182 182 (0) 3 : 0.635 0.365
183 183 (0) 3 : 0.611 0.389
184 184 (0) 2 : 0.011 0.989
185 185 (0) 2 : 0.006 0.994
186 186 (0) 2 : 0.005 0.995
187 187 (0) 2 : 0.004 0.996
188 188 (0) 2 : 0.004 0.996
189 189 (0) 2 : 0.001 0.999
1 1 (7) 3 : 0.44 0.56
2 2 (0) 3 : 0.582 0.418
3 3 (0) 3 : 0.647 0.353
4 4 (0) 3 : 0.56 0.44
5 5 (7) 3 : 0.751 0.249
6 6 (0) 3 : 0.573 0.427
7 7 (0) 3 : 0.553 0.447
8 8 (7) 3 : 0.783 0.217
9 9 (0) 3 : 0.543 0.457
10 10 (7) 3 : 0.602 0.398
11 11 (0) 3 : 0.594 0.406
12 12 (0) 3 : 0.63 0.37
13 13 (0) 3 : 0.621 0.379
14 14 (0) 3 : 0.608 0.392
15 15 (7) 3 : 0.577 0.423
16 16 (0) 3 : 0.443 0.557
17 17 (0) 3 : 0.519 0.481
18 18 (7) 3 : 0.609 0.391
19 19 (0) 3 : 0.572 0.428
20 20 (0) 3 : 0.704 0.296
21 21 (0) 3 : 0.557 0.443
22 22 (0) 3 : 0.707 0.293
23 23 (0) 3 : 0.67 0.33
24 24 (0) 3 : 0.69 0.31
25 25 (0) 3 : 0.547 0.453
26 26 (0) 3 : 0.658 0.342
27 27 (0) 3 : 0.621 0.379
28 28 (0) 3 : 0.635 0.365
29 29 (0) 3 : 0.598 0.402
30 30 (0) 3 : 0.574 0.426
31 31 (0) 3 : 0.574 0.426
32 32 (0) 3 : 0.698 0.302
33 33 (7) 3 : 0.603 0.397
34 34 (0) 3 : 0.567 0.433
35 35 (0) 3 : 0.625 0.375
36 36 (0) 3 : 0.66 0.34
37 37 (0) 3 : 0.746 0.254
38 38 (0) 3 : 0.694 0.306
39 39 (0) 1 : 0.629 0.371
40 40 (0) 1 : 0.654 0.346
41 41 (0) 1 : 0.461 0.539
42 42 (0) 1 : 0.54 0.46
43 43 (7) 3 : 0.575 0.425
44 44 (7) 3 : 0.632 0.368
45 45 (0) 1 : 0.525 0.475
46 46 (0) 1 : 0.569 0.431
47 47 (0) 1 : 0.599 0.401
48 48 (0) 1 : 0.541 0.459
49 49 (0) 3 : 0.591 0.409
50 50 (0) 3 : 0.621 0.379
51 51 (7) 3 : 0.646 0.354
52 52 (7) 3 : 0.555 0.445
53 53 (0) 3 : 0.534 0.466
54 54 (0) 3 : 0.676 0.324
55 55 (0) 3 : 0.603 0.397
56 56 (0) 3 : 0.529 0.471
57 57 (0) 3 : 0.639 0.361
58 58 (0) 3 : 0.683 0.317
59 59 (0) 3 : 0.487 0.513
60 60 (0) 3 : 0.582 0.418
61 61 (0) 3 : 0.646 0.354
62 62 (0) 3 : 0.551 0.449
63 63 (0) 1 : 0.596 0.404
64 64 (0) 1 : 0.49 0.51
65 65 (0) 1 : 0.411 0.589
66 66 (0) 1 : 0.504 0.496
67 67 (0) 1 : 0.508 0.492
68 68 (0) 1 : 0.665 0.335
69 69 (0) 3 : 0.43 0.57
70 70 (0) 3 : 0.61 0.39
71 71 (0) 3 : 0.647 0.353
72 72 (0) 3 : 0.663 0.337
73 73 (7) 3 : 0.606 0.394
74 74 (0) 3 : 0.572 0.428
75 75 (0) 3 : 0.621 0.379
76 76 (0) 3 : 0.602 0.398
77 77 (0) 3 : 0.66 0.34
78 78 (14) 3 : 0.624 0.376
79 79 (0) 3 : 0.618 0.382
80 80 (0) 3 : 0.563 0.437
81 81 (0) 2 : 0.001 0.999
82 82 (0) 3 : 0.65 0.35
83 83 (0) 3 : 0.564 0.436
84 84 (0) 3 : 0.422 0.578
85 85 (0) 3 : 0.529 0.471
86 86 (0) 3 : 0.542 0.458
87 87 (0) 3 : 0.714 0.286
88 88 (0) 3 : 0.543 0.457
89 89 (0) 3 : 0.586 0.414
90 90 (0) 3 : 0.645 0.355
91 91 (0) 3 : 0.53 0.47
92 92 (0) 3 : 0.732 0.268
93 93 (0) 3 : 0.636 0.364
94 94 (0) 3 : 0.563 0.437
95 95 (0) 3 : 0.547 0.453
96 96 (0) 3 : 0.529 0.471
97 97 (0) 3 : 0.684 0.316
98 98 (0) 3 : 0.742 0.258
99 99 (0) 3 : 0.61 0.39
100 100 (0) 2 : 0.001 0.999
101 101 (0) 2 : 0.002 0.998
102 102 (0) 2 : 0.002 0.998
103 103 (0) 3 : 0.578 0.422
104 104 (7) 2 : 0.007 0.993
105 105 (7) 2 : 0.003 0.997
106 106 (0) 2 : 0.001 0.999
107 107 (0) 3 : 0.511 0.489
108 108 (0) 2 : 0.001 0.999
109 109 (0) 2 : 0.001 0.999
110 110 (0) 2 : 0.013 0.987
111 111 (0) 3 : 0.603 0.397
112 112 (0) 2 : 0.001 0.999
113 113 (0) 2 : 0.002 0.998
114 114 (0) 2 : 0.006 0.994
115 115 (7) 2 : 0.007 0.993
116 116 (0) 2 : 0.001 0.999
117 117 (0) 2 : 0.001 0.999
118 118 (0) 3 : 0.688 0.312
119 119 (0) 3 : 0.417 0.583
120 120 (0) 3 : 0.477 0.523
121 121 (0) 3 : 0.609 0.391
122 122 (0) 3 : 0.519 0.481
123 123 (0) 3 : 0.642 0.358
124 124 (0) 3 : 0.546 0.454
125 125 (0) 3 : 0.693 0.307
126 126 (0) 3 : 0.576 0.424
127 127 (7) 3 : 0.726 0.274
128 128 (0) 3 : 0.611 0.389
129 129 (0) 3 : 0.674 0.326
130 130 (0) 3 : 0.615 0.385
131 131 (0) 3 : 0.684 0.316
132 132 (0) 3 : 0.539 0.461
133 133 (0) 3 : 0.677 0.323
134 134 (0) 3 : 0.754 0.246
135 135 (0) 3 : 0.555 0.445
136 136 (0) 3 : 0.683 0.317
137 137 (0) 3 : 0.654 0.346
138 138 (0) 3 : 0.665 0.335
139 139 (0) 3 : 0.54 0.46
140 140 (0) 3 : 0.676 0.324
141 141 (0) 3 : 0.559 0.441
142 142 (0) 3 : 0.514 0.486
143 143 (0) 3 : 0.743 0.257
144 144 (0) 3 : 0.618 0.382
145 145 (0) 3 : 0.496 0.504
146 146 (0) 3 : 0.563 0.437
147 147 (0) 3 : 0.6 0.4
148 148 (0) 3 : 0.652 0.348
149 149 (0) 3 : 0.571 0.429
150 150 (0) 3 : 0.627 0.373
151 151 (7) 2 : 0.004 0.996
152 152 (0) 2 : 0.001 0.999
153 153 (7) 3 : 0.486 0.514
154 154 (0) 3 : 0.626 0.374
155 155 (0) 3 : 0.685 0.315
156 156 (0) 3 : 0.573 0.427
157 157 (0) 3 : 0.654 0.346
158 158 (7) 3 : 0.568 0.432
159 159 (14) 3 : 0.602 0.398
160 160 (0) 3 : 0.517 0.483
161 161 (0) 3 : 0.677 0.323
162 162 (0) 3 : 0.585 0.415
163 163 (0) 3 : 0.6 0.4
164 164 (0) 3 : 0.587 0.413
165 165 (0) 3 : 0.482 0.518
166 166 (0) 2 : 0.002 0.998
167 167 (0) 3 : 0.559 0.441
168 168 (0) 3 : 0.563 0.437
169 169 (0) 3 : 0.653 0.347
170 170 (0) 3 : 0.563 0.437
171 171 (0) 3 : 0.678 0.322
172 172 (0) 3 : 0.761 0.239
173 173 (0) 3 : 0.617 0.383
174 174 (0) 3 : 0.627 0.373
175 175 (0) 3 : 0.687 0.313
176 176 (0) 3 : 0.547 0.453
177 177 (0) 3 : 0.661 0.339
178 178 (0) 3 : 0.708 0.292
179 179 (0) 3 : 0.504 0.496
180 180 (0) 3 : 0.63 0.37
181 181 (0) 3 : 0.488 0.512
182 182 (0) 3 : 0.635 0.365
183 183 (0) 3 : 0.609 0.391
184 184 (0) 2 : 0.011 0.989
185 185 (0) 2 : 0.006 0.994
186 186 (0) 2 : 0.005 0.995
187 187 (0) 2 : 0.004 0.996
188 188 (0) 2 : 0.004 0.996
189 189 (0) 2 : 0.001 0.999
1 1 (7) 3 : 0.44 0.56
2 2 (0) 3 : 0.584 0.416
3 3 (0) 3 : 0.648 0.352
4 4 (0) 3 : 0.562 0.438
5 5 (7) 3 : 0.751 0.249
6 6 (0) 3 : 0.572 0.428
7 7 (0) 3 : 0.553 0.447
8 8 (7) 3 : 0.782 0.218
9 9 (0) 3 : 0.543 0.457
10 10 (7) 3 : 0.602 0.398
11 11 (0) 3 : 0.594 0.406
12 12 (0) 3 : 0.631 0.369
13 13 (0) 3 : 0.622 0.378
14 14 (0) 3 : 0.608 0.392
15 15 (7) 3 : 0.577 0.423
16 16 (0) 3 : 0.443 0.557
17 17 (0) 3 : 0.518 0.482
18 18 (7) 3 : 0.608 0.392
19 19 (0) 3 : 0.571 0.429
20 20 (0) 3 : 0.704 0.296
21 21 (0) 3 : 0.557 0.443
22 22 (0) 3 : 0.708 0.292
23 23 (0) 3 : 0.669 0.331
24 24 (0) 3 : 0.691 0.309
25 25 (0) 3 : 0.547 0.453
26 26 (0) 3 : 0.658 0.342
27 27 (0) 3 : 0.621 0.379
28 28 (0) 3 : 0.634 0.366
29 29 (0) 3 : 0.599 0.401
30 30 (0) 3 : 0.573 0.427
31 31 (0) 3 : 0.574 0.426
32 32 (0) 3 : 0.697 0.303
33 33 (7) 3 : 0.604 0.396
34 34 (0) 3 : 0.568 0.432
35 35 (0) 3 : 0.624 0.376
36 36 (0) 3 : 0.662 0.338
37 37 (0) 3 : 0.746 0.254
38 38 (0) 3 : 0.694 0.306
39 39 (0) 1 : 0.629 0.371
40 40 (0) 1 : 0.654 0.346
41 41 (0) 1 : 0.461 0.539
42 42 (0) 1 : 0.541 0.459
43 43 (7) 3 : 0.574 0.426
44 44 (7) 3 : 0.632 0.368
45 45 (0) 1 : 0.525 0.475
46 46 (0) 1 : 0.569 0.431
47 47 (0) 1 : 0.599 0.401
48 48 (0) 1 : 0.54 0.46
49 49 (0) 3 : 0.591 0.409
50 50 (0) 3 : 0.621 0.379
51 51 (7) 3 : 0.647 0.353
52 52 (7) 3 : 0.554 0.446
53 53 (0) 3 : 0.533 0.467
54 54 (0) 3 : 0.676 0.324
55 55 (0) 3 : 0.604 0.396
56 56 (0) 3 : 0.53 0.47
57 57 (0) 3 : 0.639 0.361
58 58 (0) 3 : 0.682 0.318
59 59 (0) 3 : 0.486 0.514
60 60 (0) 3 : 0.583 0.417
61 61 (0) 3 : 0.647 0.353
62 62 (0) 3 : 0.552 0.448
63 63 (0) 1 : 0.596 0.404
64 64 (0) 1 : 0.489 0.511
65 65 (0) 1 : 0.41 0.59
66 66 (0) 1 : 0.503 0.497
67 67 (0) 1 : 0.51 0.49
68 68 (0) 1 : 0.664 0.336
69 69 (0) 3 : 0.431 0.569
70 70 (0) 3 : 0.61 0.39
71 71 (0) 3 : 0.649 0.351
72 72 (0) 3 : 0.664 0.336
73 73 (7) 3 : 0.606 0.394
74 74 (0) 3 : 0.571 0.429
75 75 (0) 3 : 0.621 0.379
76 76 (0) 3 : 0.602 0.398
77 77 (0) 3 : 0.66 0.34
78 78 (14) 3 : 0.625 0.375
79 79 (0) 3 : 0.617 0.383
80 80 (0) 3 : 0.563 0.437
81 81 (0) 2 : 0.001 0.999
82 82 (0) 3 : 0.649 0.351
83 83 (0) 3 : 0.564 0.436
84 84 (0) 3 : 0.423 0.577
85 85 (0) 3 : 0.531 0.469
86 86 (0) 3 : 0.541 0.459
87 87 (0) 3 : 0.714 0.286
88 88 (0) 3 : 0.543 0.457
89 89 (0) 3 : 0.586 0.414
90 90 (0) 3 : 0.645 0.355
91 91 (0) 3 : 0.531 0.469
92 92 (0) 3 : 0.732 0.268
93 93 (0) 3 : 0.635 0.365
94 94 (0) 3 : 0.564 0.436
95 95 (0) 3 : 0.547 0.453
96 96 (0) 3 : 0.529 0.471
97 97 (0) 3 : 0.684 0.316
98 98 (0) 3 : 0.743 0.257
99 99 (0) 3 : 0.609 0.391
100 100 (0) 2 : 0.001 0.999
101 101 (0) 2 : 0.002 0.998
102 102 (0) 2 : 0.002 0.998
103 103 (0) 3 : 0.579 0.421
104 104 (7) 2 : 0.007 0.993
105 105 (7) 2 : 0.003 0.997
106 106 (0) 2 : 0.001 0.999
107 107 (0) 3 : 0.511 0.489
108 108 (0) 2 : 0.001 0.999
109 109 (0) 2 : 0.001 0.999
110 110 (0) 2 : 0.013 0.987
111 111 (0) 3 : 0.603 0.397
112 112 (0) 2 : 0.001 0.999
113 113 (0) 2 : 0.002 0.998
114 114 (0) 2 : 0.006 0.994
115 115 (7) 2 : 0.007 0.993
116 116 (0) 2 : 0.001 0.999
117 117 (0) 2 : 0.001 0.999
118 118 (0) 3 : 0.688 0.312
119 119 (0) 3 : 0.419 0.581
120 120 (0) 3 : 0.477 0.523
121 121 (0) 3 : 0.609 0.391
122 122 (0) 3 : 0.519 0.481
123 123 (0) 3 : 0.642 0.358
124 124 (0) 3 : 0.546 0.454
125 125 (0) 3 : 0.694 0.306
126 126 (0) 3 : 0.576 0.424
127 127 (7) 3 : 0.727 0.273
128 128 (0) 3 : 0.612 0.388
129 129 (0) 3 : 0.675 0.325
130 130 (0) 3 : 0.614 0.386
131 131 (0) 3 : 0.684 0.316
132 132 (0) 3 : 0.54 0.46
133 133 (0) 3 : 0.678 0.322
134 134 (0) 3 : 0.753 0.247
135 135 (0) 3 : 0.555 0.445
136 136 (0) 3 : 0.684 0.316
137 137 (0) 3 : 0.655 0.345
138 138 (0) 3 : 0.665 0.335
139 139 (0) 3 : 0.539 0.461
140 140 (0) 3 : 0.676 0.324
141 141 (0) 3 : 0.559 0.441
142 142 (0) 3 : 0.515 0.485
143 143 (0) 3 : 0.743 0.257
144 144 (0) 3 : 0.617 0.383
145 145 (0) 3 : 0.497 0.503
146 146 (0) 3 : 0.564 0.436
147 147 (0) 3 : 0.6 0.4
148 148 (0) 3 : 0.652 0.348
149 149 (0) 3 : 0.571 0.429
150 150 (0) 3 : 0.626 0.374
151 151 (7) 2 : 0.004 0.996
152 152 (0) 2 : 0.001 0.999
153 153 (7) 3 : 0.487 0.513
154 154 (0) 3 : 0.626 0.374
155 155 (0) 3 : 0.686 0.314
156 156 (0) 3 : 0.572 0.428
157 157 (0) 3 : 0.654 0.346
158 158 (7) 3 : 0.567 0.433
159 159 (14) 3 : 0.603 0.397
160 160 (0) 3 : 0.518 0.482
161 161 (0) 3 : 0.676 0.324
162 162 (0) 3 : 0.585 0.415
163 163 (0) 3 : 0.6 0.4
164 164 (0) 3 : 0.587 0.413
165 165 (0) 3 : 0.482 0.518
166 166 (0) 2 : 0.002 0.998
167 167 (0) 3 : 0.559 0.441
168 168 (0) 3 : 0.564 0.436
169 169 (0) 3 : 0.652 0.348
170 170 (0) 3 : 0.563 0.437
171 171 (0) 3 : 0.677 0.323
172 172 (0) 3 : 0.761 0.239
173 173 (0) 3 : 0.616 0.384
174 174 (0) 3 : 0.627 0.373
175 175 (0) 3 : 0.688 0.312
176 176 (0) 3 : 0.546 0.454
177 177 (0) 3 : 0.661 0.339
178 178 (0) 3 : 0.708 0.292
179 179 (0) 3 : 0.505 0.495
180 180 (0) 3 : 0.629 0.371
181 181 (0) 3 : 0.487 0.513
182 182 (0) 3 : 0.635 0.365
183 183 (0) 3 : 0.611 0.389
184 184 (0) 2 : 0.011 0.989
185 185 (0) 2 : 0.006 0.994
186 186 (0) 2 : 0.005 0.995
187 187 (0) 2 : 0.004 0.996
188 188 (0) 2 : 0.004 0.996
189 189 (0) 2 : 0.001 0.999
1 1 (7) 3 : 0.44 0.56
2 2 (0) 3 : 0.583 0.417
3 3 (0) 3 : 0.648 0.352
4 4 (0) 3 : 0.561 0.439
5 5 (7) 3 : 0.75 0.25
6 6 (0) 3 : 0.573 0.427
7 7 (0) 3 : 0.553 0.447
8 8 (7) 3 : 0.783 0.217
9 9 (0) 3 : 0.542 0.458
10 10 (7) 3 : 0.602 0.398
11 11 (0) 3 : 0.594 0.406
12 12 (0) 3 : 0.631 0.369
13 13 (0) 3 : 0.621 0.379
14 14 (0) 3 : 0.608 0.392
15 15 (7) 3 : 0.576 0.424
16 16 (0) 3 : 0.443 0.557
17 17 (0) 3 : 0.519 0.481
18 18 (7) 3 : 0.609 0.391
19 19 (0) 3 : 0.571 0.429
20 20 (0) 3 : 0.704 0.296
21 21 (0) 3 : 0.557 0.443
22 22 (0) 3 : 0.708 0.292
23 23 (0) 3 : 0.67 0.33
24 24 (0) 3 : 0.69 0.31
25 25 (0) 3 : 0.547 0.453
26 26 (0) 3 : 0.657 0.343
27 27 (0) 3 : 0.619 0.381
28 28 (0) 3 : 0.635 0.365
29 29 (0) 3 : 0.599 0.401
30 30 (0) 3 : 0.574 0.426
31 31 (0) 3 : 0.574 0.426
32 32 (0) 3 : 0.698 0.302
33 33 (7) 3 : 0.604 0.396
34 34 (0) 3 : 0.568 0.432
35 35 (0) 3 : 0.624 0.376
36 36 (0) 3 : 0.66 0.34
37 37 (0) 3 : 0.745 0.255
38 38 (0) 3 : 0.694 0.306
39 39 (0) 1 : 0.629 0.371
40 40 (0) 1 : 0.654 0.346
41 41 (0) 1 : 0.461 0.539
42 42 (0) 1 : 0.54 0.46
43 43 (7) 3 : 0.574 0.426
44 44 (7) 3 : 0.632 0.368
45 45 (0) 1 : 0.525 0.475
46 46 (0) 1 : 0.569 0.431
47 47 (0) 1 : 0.598 0.402
48 48 (0) 1 : 0.54 0.46
49 49 (0) 3 : 0.591 0.409
50 50 (0) 3 : 0.62 0.38
51 51 (7) 3 : 0.647 0.353
52 52 (7) 3 : 0.555 0.445
53 53 (0) 3 : 0.534 0.466
54 54 (0) 3 : 0.676 0.324
55 55 (0) 3 : 0.603 0.397
56 56 (0) 3 : 0.53 0.47
57 57 (0) 3 : 0.639 0.361
58 58 (0) 3 : 0.682 0.318
59 59 (0) 3 : 0.487 0.513
60 60 (0) 3 : 0.583 0.417
61 61 (0) 3 : 0.647 0.353
62 62 (0) 3 : 0.552 0.448
63 63 (0) 1 : 0.596 0.404
64 64 (0) 1 : 0.489 0.511
65 65 (0) 1 : 0.41 0.59
66 66 (0) 1 : 0.503 0.497
67 67 (0) 1 : 0.509 0.491
68 68 (0) 1 : 0.665 0.335
69 69 (0) 3 : 0.429 0.571
70 70 (0) 3 : 0.611 0.389
71 71 (0) 3 : 0.648 0.352
72 72 (0) 3 : 0.663 0.337
73 73 (7) 3 : 0.605 0.395
74 74 (0) 3 : 0.571 0.429
75 75 (0) 3 : 0.621 0.379
76 76 (0) 3 : 0.602 0.398
77 77 (0) 3 : 0.661 0.339
78 78 (14) 3 : 0.624 0.376
79 79 (0) 3 : 0.617 0.383
80 80 (0) 3 : 0.563 0.437
81 81 (0) 2 : 0.001 0.999
82 82 (0) 3 : 0.65 0.35
83 83 (0) 3 : 0.563 0.437
84 84 (0) 3 : 0.423 0.577
85 85 (0) 3 : 0.53 0.47
86 86 (0) 3 : 0.54 0.46
87 87 (0) 3 : 0.713 0.287
88 88 (0) 3 : 0.542 0.458
89 89 (0) 3 : 0.586 0.414
90 90 (0) 3 : 0.644 0.356
91 91 (0) 3 : 0.53 0.47
92 92 (0) 3 : 0.732 0.268
93 93 (0) 3 : 0.635 0.365
94 94 (0) 3 : 0.564 0.436
95 95 (0) 3 : 0.548 0.452
96 96 (0) 3 : 0.529 0.471
97 97 (0) 3 : 0.684 0.316
98 98 (0) 3 : 0.743 0.257
99 99 (0) 3 : 0.609 0.391
100 100 (0) 2 : 0.001 0.999
101 101 (0) 2 : 0.002 0.998
102 102 (0) 2 : 0.002 0.998
103 103 (0) 3 : 0.578 0.422
104 104 (7) 2 : 0.007 0.993
105 105 (7) 2 : 0.003 0.997
106 106 (0) 2 : 0.001 0.999
107 107 (0) 3 : 0.511 0.489
108 108 (0) 2 : 0.001 0.999
109 109 (0) 2 : 0.001 0.999
110 110 (0) 2 : 0.013 0.987
111 111 (0) 3 : 0.603 0.397
112 112 (0) 2 : 0.001 0.999
113 113 (0) 2 : 0.002 0.998
114 114 (0) 2 : 0.006 0.994
115 115 (7) 2 : 0.007 0.993
116 116 (0) 2 : 0.001 0.999
117 117 (0) 2 : 0.001 0.999
118 118 (0) 3 : 0.688 0.312
119 119 (0) 3 : 0.419 0.581
120 120 (0) 3 : 0.477 0.523
121 121 (0) 3 : 0.608 0.392
122 122 (0) 3 : 0.519 0.481
123 123 (0) 3 : 0.641 0.359
124 124 (0) 3 : 0.546 0.454
125 125 (0) 3 : 0.693 0.307
126 126 (0) 3 : 0.576 0.424
127 127 (7) 3 : 0.726 0.274
128 128 (0) 3 : 0.612 0.388
129 129 (0) 3 : 0.675 0.325
130 130 (0) 3 : 0.615 0.385
131 131 (0) 3 : 0.684 0.316
132 132 (0) 3 : 0.539 0.461
133 133 (0) 3 : 0.678 0.322
134 134 (0) 3 : 0.753 0.247
135 135 (0) 3 : 0.555 0.445
136 136 (0) 3 : 0.683 0.317
137 137 (0) 3 : 0.655 0.345
138 138 (0) 3 : 0.666 0.334
139 139 (0) 3 : 0.539 0.461
140 140 (0) 3 : 0.676 0.324
141 141 (0) 3 : 0.559 0.441
142 142 (0) 3 : 0.515 0.485
143 143 (0) 3 : 0.743 0.257
144 144 (0) 3 : 0.618 0.382
145 145 (0) 3 : 0.496 0.504
146 146 (0) 3 : 0.563 0.437
147 147 (0) 3 : 0.6 0.4
148 148 (0) 3 : 0.651 0.349
149 149 (0) 3 : 0.571 0.429
150 150 (0) 3 : 0.626 0.374
151 151 (7) 2 : 0.004 0.996
152 152 (0) 2 : 0.001 0.999
153 153 (7) 3 : 0.487 0.513
154 154 (0) 3 : 0.627 0.373
155 155 (0) 3 : 0.686 0.314
156 156 (0) 3 : 0.573 0.427
157 157 (0) 3 : 0.654 0.346
158 158 (7) 3 : 0.568 0.432
159 159 (14) 3 : 0.601 0.399
160 160 (0) 3 : 0.517 0.483
161 161 (0) 3 : 0.676 0.324
162 162 (0) 3 : 0.585 0.415
163 163 (0) 3 : 0.6 0.4
164 164 (0) 3 : 0.587 0.413
165 165 (0) 3 : 0.482 0.518
166 166 (0) 2 : 0.002 0.998
167 167 (0) 3 : 0.558 0.442
168 168 (0) 3 : 0.564 0.436
169 169 (0) 3 : 0.651 0.349
170 170 (0) 3 : 0.562 0.438
171 171 (0) 3 : 0.677 0.323
172 172 (0) 3 : 0.761 0.239
173 173 (0) 3 : 0.617 0.383
174 174 (0) 3 : 0.627 0.373
175 175 (0) 3 : 0.687 0.313
176 176 (0) 3 : 0.546 0.454
177 177 (0) 3 : 0.661 0.339
178 178 (0) 3 : 0.707 0.293
179 179 (0) 3 : 0.504 0.496
180 180 (0) 3 : 0.629 0.371
181 181 (0) 3 : 0.488 0.512
182 182 (0) 3 : 0.635 0.365
183 183 (0) 3 : 0.611 0.389
184 184 (0) 2 : 0.011 0.989
185 185 (0) 2 : 0.006 0.994
186 186 (0) 2 : 0.005 0.995
187 187 (0) 2 : 0.004 0.996
188 188 (0) 2 : 0.004 0.996
189 189 (0) 2 : 0.001 0.999
1 1 (7) 3 : 0.44 0.56
2 2 (0) 3 : 0.583 0.417
3 3 (0) 3 : 0.648 0.352
4 4 (0) 3 : 0.56 0.44
5 5 (7) 3 : 0.75 0.25
6 6 (0) 3 : 0.572 0.428
7 7 (0) 3 : 0.553 0.447
8 8 (7) 3 : 0.783 0.217
9 9 (0) 3 : 0.543 0.457
10 10 (7) 3 : 0.602 0.398
11 11 (0) 3 : 0.595 0.405
12 12 (0) 3 : 0.63 0.37
13 13 (0) 3 : 0.621 0.379
14 14 (0) 3 : 0.608 0.392
15 15 (7) 3 : 0.578 0.422
16 16 (0) 3 : 0.442 0.558
17 17 (0) 3 : 0.519 0.481
18 18 (7) 3 : 0.609 0.391
19 19 (0) 3 : 0.572 0.428
20 20 (0) 3 : 0.704 0.296
21 21 (0) 3 : 0.557 0.443
22 22 (0) 3 : 0.707 0.293
23 23 (0) 3 : 0.67 0.33
24 24 (0) 3 : 0.692 0.308
25 25 (0) 3 : 0.547 0.453
26 26 (0) 3 : 0.657 0.343
27 27 (0) 3 : 0.621 0.379
28 28 (0) 3 : 0.635 0.365
29 29 (0) 3 : 0.598 0.402
30 30 (0) 3 : 0.573 0.427
31 31 (0) 3 : 0.574 0.426
32 32 (0) 3 : 0.698 0.302
33 33 (7) 3 : 0.603 0.397
34 34 (0) 3 : 0.568 0.432
35 35 (0) 3 : 0.624 0.376
36 36 (0) 3 : 0.66 0.34
37 37 (0) 3 : 0.746 0.254
38 38 (0) 3 : 0.695 0.305
39 39 (0) 1 : 0.63 0.37
40 40 (0) 1 : 0.654 0.346
41 41 (0) 1 : 0.461 0.539
42 42 (0) 1 : 0.541 0.459
43 43 (7) 3 : 0.575 0.425
44 44 (7) 3 : 0.632 0.368
45 45 (0) 1 : 0.525 0.475
46 46 (0) 1 : 0.569 0.431
47 47 (0) 1 : 0.599 0.401
48 48 (0) 1 : 0.54 0.46
49 49 (0) 3 : 0.591 0.409
50 50 (0) 3 : 0.621 0.379
51 51 (7) 3 : 0.647 0.353
52 52 (7) 3 : 0.555 0.445
53 53 (0) 3 : 0.534 0.466
54 54 (0) 3 : 0.676 0.324
55 55 (0) 3 : 0.603 0.397
56 56 (0) 3 : 0.529 0.471
57 57 (0) 3 : 0.639 0.361
58 58 (0) 3 : 0.682 0.318
59 59 (0) 3 : 0.487 0.513
60 60 (0) 3 : 0.583 0.417
61 61 (0) 3 : 0.646 0.354
62 62 (0) 3 : 0.551 0.449
63 63 (0) 1 : 0.596 0.404
64 64 (0) 1 : 0.49 0.51
65 65 (0) 1 : 0.411 0.589
66 66 (0) 1 : 0.504 0.496
67 67 (0) 1 : 0.509 0.491
68 68 (0) 1 : 0.665 0.335
69 69 (0) 3 : 0.431 0.569
70 70 (0) 3 : 0.61 0.39
71 71 (0) 3 : 0.648 0.352
72 72 (0) 3 : 0.664 0.336
73 73 (7) 3 : 0.606 0.394
74 74 (0) 3 : 0.571 0.429
75 75 (0) 3 : 0.621 0.379
76 76 (0) 3 : 0.602 0.398
77 77 (0) 3 : 0.66 0.34
78 78 (14) 3 : 0.624 0.376
79 79 (0) 3 : 0.618 0.382
80 80 (0) 3 : 0.563 0.437
81 81 (0) 2 : 0.001 0.999
82 82 (0) 3 : 0.649 0.351
83 83 (0) 3 : 0.564 0.436
84 84 (0) 3 : 0.423 0.577
85 85 (0) 3 : 0.529 0.471
86 86 (0) 3 : 0.542 0.458
87 87 (0) 3 : 0.714 0.286
88 88 (0) 3 : 0.544 0.456
89 89 (0) 3 : 0.585 0.415
90 90 (0) 3 : 0.644 0.356
91 91 (0) 3 : 0.53 0.47
92 92 (0) 3 : 0.732 0.268
93 93 (0) 3 : 0.636 0.364
94 94 (0) 3 : 0.564 0.436
95 95 (0) 3 : 0.547 0.453
96 96 (0) 3 : 0.53 0.47
97 97 (0) 3 : 0.683 0.317
98 98 (0) 3 : 0.743 0.257
99 99 (0) 3 : 0.609 0.391
100 100 (0) 2 : 0.001 0.999
101 101 (0) 2 : 0.002 0.998
102 102 (0) 2 : 0.002 0.998
103 103 (0) 3 : 0.578 0.422
104 104 (7) 2 : 0.007 0.993
105 105 (7) 2 : 0.003 0.997
106 106 (0) 2 : 0.001 0.999
107 107 (0) 3 : 0.511 0.489
108 108 (0) 2 : 0.001 0.999
109 109 (0) 2 : 0.001 0.999
110 110 (0) 2 : 0.013 0.987
111 111 (0) 3 : 0.603 0.397
112 112 (0) 2 : 0.001 0.999
113 113 (0) 2 : 0.002 0.998
114 114 (0) 2 : 0.006 0.994
115 115 (7) 2 : 0.007 0.993
116 116 (0) 2 : 0.001 0.999
117 117 (0) 2 : 0.001 0.999
118 118 (0) 3 : 0.688 0.312
119 119 (0) 3 : 0.419 0.581
120 120 (0) 3 : 0.478 0.522
121 121 (0) 3 : 0.608 0.392
122 122 (0) 3 : 0.52 0.48
123 123 (0) 3 : 0.642 0.358
124 124 (0) 3 : 0.546 0.454
125 125 (0) 3 : 0.693 0.307
126 126 (0) 3 : 0.576 0.424
127 127 (7) 3 : 0.726 0.274
128 128 (0) 3 : 0.612 0.388
129 129 (0) 3 : 0.675 0.325
130 130 (0) 3 : 0.614 0.386
131 131 (0) 3 : 0.685 0.315
132 132 (0) 3 : 0.539 0.461
133 133 (0) 3 : 0.677 0.323
134 134 (0) 3 : 0.753 0.247
135 135 (0) 3 : 0.554 0.446
136 136 (0) 3 : 0.683 0.317
137 137 (0) 3 : 0.654 0.346
138 138 (0) 3 : 0.665 0.335
139 139 (0) 3 : 0.54 0.46
140 140 (0) 3 : 0.676 0.324
141 141 (0) 3 : 0.559 0.441
142 142 (0) 3 : 0.515 0.485
143 143 (0) 3 : 0.743 0.257
144 144 (0) 3 : 0.617 0.383
145 145 (0) 3 : 0.495 0.505
146 146 (0) 3 : 0.563 0.437
147 147 (0) 3 : 0.599 0.401
148 148 (0) 3 : 0.652 0.348
149 149 (0) 3 : 0.571 0.429
150 150 (0) 3 : 0.626 0.374
151 151 (7) 2 : 0.004 0.996
152 152 (0) 2 : 0.001 0.999
153 153 (7) 3 : 0.486 0.514
154 154 (0) 3 : 0.626 0.374
155 155 (0) 3 : 0.685 0.315
156 156 (0) 3 : 0.573 0.427
157 157 (0) 3 : 0.654 0.346
158 158 (7) 3 : 0.568 0.432
159 159 (14) 3 : 0.602 0.398
160 160 (0) 3 : 0.517 0.483
161 161 (0) 3 : 0.676 0.324
162 162 (0) 3 : 0.585 0.415
163 163 (0) 3 : 0.6 0.4
164 164 (0) 3 : 0.588 0.412
165 165 (0) 3 : 0.482 0.518
166 166 (0) 2 : 0.002 0.998
167 167 (0) 3 : 0.558 0.442
168 168 (0) 3 : 0.563 0.437
169 169 (0) 3 : 0.652 0.348
170 170 (0) 3 : 0.563 0.437
171 171 (0) 3 : 0.677 0.323
172 172 (0) 3 : 0.762 0.238
173 173 (0) 3 : 0.617 0.383
174 174 (0) 3 : 0.628 0.372
175 175 (0) 3 : 0.688 0.312
176 176 (0) 3 : 0.546 0.454
177 177 (0) 3 : 0.661 0.339
178 178 (0) 3 : 0.708 0.292
179 179 (0) 3 : 0.504 0.496
180 180 (0) 3 : 0.629 0.371
181 181 (0) 3 : 0.488 0.512
182 182 (0) 3 : 0.636 0.364
183 183 (0) 3 : 0.61 0.39
184 184 (0) 2 : 0.011 0.989
185 185 (0) 2 : 0.006 0.994
186 186 (0) 2 : 0.005 0.995
187 187 (0) 2 : 0.004 0.996
188 188 (0) 2 : 0.004 0.996
189 189 (0) 2 : 0.001 0.999
1 1 (7) 3 : 0.44 0.56
2 2 (0) 3 : 0.583 0.417
3 3 (0) 3 : 0.648 0.352
4 4 (0) 3 : 0.561 0.439
5 5 (7) 3 : 0.75 0.25
6 6 (0) 3 : 0.573 0.427
7 7 (0) 3 : 0.553 0.447
8 8 (7) 3 : 0.783 0.217
9 9 (0) 3 : 0.543 0.457
10 10 (7) 3 : 0.602 0.398
11 11 (0) 3 : 0.594 0.406
12 12 (0) 3 : 0.631 0.369
13 13 (0) 3 : 0.621 0.379
14 14 (0) 3 : 0.609 0.391
15 15 (7) 3 : 0.577 0.423
16 16 (0) 3 : 0.443 0.557
17 17 (0) 3 : 0.519 0.481
18 18 (7) 3 : 0.609 0.391
19 19 (0) 3 : 0.571 0.429
20 20 (0) 3 : 0.704 0.296
21 21 (0) 3 : 0.557 0.443
22 22 (0) 3 : 0.708 0.292
23 23 (0) 3 : 0.67 0.33
24 24 (0) 3 : 0.69 0.31
25 25 (0) 3 : 0.547 0.453
26 26 (0) 3 : 0.657 0.343
27 27 (0) 3 : 0.62 0.38
28 28 (0) 3 : 0.635 0.365
29 29 (0) 3 : 0.598 0.402
30 30 (0) 3 : 0.574 0.426
31 31 (0) 3 : 0.574 0.426
32 32 (0) 3 : 0.697 0.303
33 33 (7) 3 : 0.603 0.397
34 34 (0) 3 : 0.567 0.433
35 35 (0) 3 : 0.624 0.376
36 36 (0) 3 : 0.66 0.34
37 37 (0) 3 : 0.746 0.254
38 38 (0) 3 : 0.694 0.306
39 39 (0) 1 : 0.629 0.371
40 40 (0) 1 : 0.654 0.346
41 41 (0) 1 : 0.461 0.539
42 42 (0) 1 : 0.54 0.46
43 43 (7) 3 : 0.574 0.426
44 44 (7) 3 : 0.632 0.368
45 45 (0) 1 : 0.525 0.475
46 46 (0) 1 : 0.569 0.431
47 47 (0) 1 : 0.598 0.402
48 48 (0) 1 : 0.54 0.46
49 49 (0) 3 : 0.591 0.409
50 50 (0) 3 : 0.62 0.38
51 51 (7) 3 : 0.647 0.353
52 52 (7) 3 : 0.555 0.445
53 53 (0) 3 : 0.534 0.466
54 54 (0) 3 : 0.676 0.324
55 55 (0) 3 : 0.603 0.397
56 56 (0) 3 : 0.53 0.47
57 57 (0) 3 : 0.639 0.361
58 58 (0) 3 : 0.682 0.318
59 59 (0) 3 : 0.486 0.514
60 60 (0) 3 : 0.583 0.417
61 61 (0) 3 : 0.647 0.353
62 62 (0) 3 : 0.552 0.448
63 63 (0) 1 : 0.596 0.404
64 64 (0) 1 : 0.489 0.511
65 65 (0) 1 : 0.41 0.59
66 66 (0) 1 : 0.504 0.496
67 67 (0) 1 : 0.51 0.49
68 68 (0) 1 : 0.664 0.336
69 69 (0) 3 : 0.43 0.57
70 70 (0) 3 : 0.61 0.39
71 71 (0) 3 : 0.648 0.352
72 72 (0) 3 : 0.663 0.337
73 73 (7) 3 : 0.606 0.394
74 74 (0) 3 : 0.571 0.429
75 75 (0) 3 : 0.621 0.379
76 76 (0) 3 : 0.602 0.398
77 77 (0) 3 : 0.66 0.34
78 78 (14) 3 : 0.625 0.375
79 79 (0) 3 : 0.617 0.383
80 80 (0) 3 : 0.563 0.437
81 81 (0) 2 : 0.001 0.999
82 82 (0) 3 : 0.65 0.35
83 83 (0) 3 : 0.563 0.437
84 84 (0) 3 : 0.423 0.577
85 85 (0) 3 : 0.53 0.47
86 86 (0) 3 : 0.541 0.459
87 87 (0) 3 : 0.714 0.286
88 88 (0) 3 : 0.543 0.457
89 89 (0) 3 : 0.586 0.414
90 90 (0) 3 : 0.644 0.356
91 91 (0) 3 : 0.531 0.469
92 92 (0) 3 : 0.733 0.267
93 93 (0) 3 : 0.635 0.365
94 94 (0) 3 : 0.564 0.436
95 95 (0) 3 : 0.548 0.452
96 96 (0) 3 : 0.529 0.471
97 97 (0) 3 : 0.684 0.316
98 98 (0) 3 : 0.743 0.257
99 99 (0) 3 : 0.609 0.391
100 100 (0) 2 : 0.001 0.999
101 101 (0) 2 : 0.002 0.998
102 102 (0) 2 : 0.002 0.998
103 103 (0) 3 : 0.578 0.422
104 104 (7) 2 : 0.007 0.993
105 105 (7) 2 : 0.003 0.997
106 106 (0) 2 : 0.001 0.999
107 107 (0) 3 : 0.512 0.488
108 108 (0) 2 : 0.001 0.999
109 109 (0) 2 : 0.001 0.999
110 110 (0) 2 : 0.013 0.987
111 111 (0) 3 : 0.603 0.397
112 112 (0) 2 : 0.001 0.999
113 113 (0) 2 : 0.002 0.998
114 114 (0) 2 : 0.006 0.994
115 115 (7) 2 : 0.007 0.993
116 116 (0) 2 : 0.001 0.999
117 117 (0) 2 : 0.001 0.999
118 118 (0) 3 : 0.688 0.312
119 119 (0) 3 : 0.419 0.581
120 120 (0) 3 : 0.477 0.523
121 121 (0) 3 : 0.609 0.391
122 122 (0) 3 : 0.519 0.481
123 123 (0) 3 : 0.641 0.359
124 124 (0) 3 : 0.546 0.454
125 125 (0) 3 : 0.694 0.306
126 126 (0) 3 : 0.576 0.424
127 127 (7) 3 : 0.727 0.273
128 128 (0) 3 : 0.612 0.388
129 129 (0) 3 : 0.675 0.325
130 130 (0) 3 : 0.614 0.386
131 131 (0) 3 : 0.684 0.316
132 132 (0) 3 : 0.539 0.461
133 133 (0) 3 : 0.678 0.322
134 134 (0) 3 : 0.754 0.246
135 135 (0) 3 : 0.555 0.445
136 136 (0) 3 : 0.683 0.317
137 137 (0) 3 : 0.655 0.345
138 138 (0) 3 : 0.666 0.334
139 139 (0) 3 : 0.539 0.461
140 140 (0) 3 : 0.676 0.324
141 141 (0) 3 : 0.559 0.441
142 142 (0) 3 : 0.514 0.486
143 143 (0) 3 : 0.744 0.256
144 144 (0) 3 : 0.617 0.383
145 145 (0) 3 : 0.496 0.504
146 146 (0) 3 : 0.563 0.437
147 147 (0) 3 : 0.599 0.401
148 148 (0) 3 : 0.651 0.349
149 149 (0) 3 : 0.571 0.429
150 150 (0) 3 : 0.626 0.374
151 151 (7) 2 : 0.004 0.996
152 152 (0) 2 : 0.001 0.999
153 153 (7) 3 : 0.486 0.514
154 154 (0) 3 : 0.627 0.373
155 155 (0) 3 : 0.685 0.315
156 156 (0) 3 : 0.572 0.428
157 157 (0) 3 : 0.654 0.346
158 158 (7) 3 : 0.568 0.432
159 159 (14) 3 : 0.601 0.399
160 160 (0) 3 : 0.517 0.483
161 161 (0) 3 : 0.677 0.323
162 162 (0) 3 : 0.585 0.415
163 163 (0) 3 : 0.6 0.4
164 164 (0) 3 : 0.587 0.413
165 165 (0) 3 : 0.482 0.518
166 166 (0) 2 : 0.002 0.998
167 167 (0) 3 : 0.558 0.442
168 168 (0) 3 : 0.564 0.436
169 169 (0) 3 : 0.651 0.349
170 170 (0) 3 : 0.562 0.438
171 171 (0) 3 : 0.677 0.323
172 172 (0) 3 : 0.761 0.239
173 173 (0) 3 : 0.616 0.384
174 174 (0) 3 : 0.628 0.372
175 175 (0) 3 : 0.687 0.313
176 176 (0) 3 : 0.546 0.454
177 177 (0) 3 : 0.661 0.339
178 178 (0) 3 : 0.708 0.292
179 179 (0) 3 : 0.504 0.496
180 180 (0) 3 : 0.628 0.372
181 181 (0) 3 : 0.488 0.512
182 182 (0) 3 : 0.635 0.365
183 183 (0) 3 : 0.61 0.39
184 184 (0) 2 : 0.011 0.989
185 185 (0) 2 : 0.006 0.994
186 186 (0) 2 : 0.005 0.995
187 187 (0) 2 : 0.004 0.996
188 188 (0) 2 : 0.004 0.996
189 189 (0) 2 : 0.001 0.999
1 1 (7) 3 : 0.441 0.559
2 2 (0) 3 : 0.583 0.417
3 3 (0) 3 : 0.648 0.352
4 4 (0) 3 : 0.56 0.44
5 5 (7) 3 : 0.75 0.25
6 6 (0) 3 : 0.573 0.427
7 7 (0) 3 : 0.553 0.447
8 8 (7) 3 : 0.783 0.217
9 9 (0) 3 : 0.542 0.458
10 10 (7) 3 : 0.603 0.397
11 11 (0) 3 : 0.595 0.405
12 12 (0) 3 : 0.631 0.369
13 13 (0) 3 : 0.621 0.379
14 14 (0) 3 : 0.608 0.392
15 15 (7) 3 : 0.577 0.423
16 16 (0) 3 : 0.443 0.557
17 17 (0) 3 : 0.519 0.481
18 18 (7) 3 : 0.609 0.391
19 19 (0) 3 : 0.571 0.429
20 20 (0) 3 : 0.704 0.296
21 21 (0) 3 : 0.557 0.443
22 22 (0) 3 : 0.707 0.293
23 23 (0) 3 : 0.67 0.33
24 24 (0) 3 : 0.692 0.308
25 25 (0) 3 : 0.547 0.453
26 26 (0) 3 : 0.657 0.343
27 27 (0) 3 : 0.621 0.379
28 28 (0) 3 : 0.634 0.366
29 29 (0) 3 : 0.598 0.402
30 30 (0) 3 : 0.573 0.427
31 31 (0) 3 : 0.574 0.426
32 32 (0) 3 : 0.698 0.302
33 33 (7) 3 : 0.604 0.396
34 34 (0) 3 : 0.567 0.433
35 35 (0) 3 : 0.625 0.375
36 36 (0) 3 : 0.66 0.34
37 37 (0) 3 : 0.746 0.254
38 38 (0) 3 : 0.694 0.306
39 39 (0) 1 : 0.63 0.37
40 40 (0) 1 : 0.654 0.346
41 41 (0) 1 : 0.461 0.539
42 42 (0) 1 : 0.54 0.46
43 43 (7) 3 : 0.574 0.426
44 44 (7) 3 : 0.633 0.367
45 45 (0) 1 : 0.525 0.475
46 46 (0) 1 : 0.568 0.432
47 47 (0) 1 : 0.599 0.401
48 48 (0) 1 : 0.539 0.461
49 49 (0) 3 : 0.591 0.409
50 50 (0) 3 : 0.62 0.38
51 51 (7) 3 : 0.647 0.353
52 52 (7) 3 : 0.556 0.444
53 53 (0) 3 : 0.534 0.466
54 54 (0) 3 : 0.676 0.324
55 55 (0) 3 : 0.603 0.397
56 56 (0) 3 : 0.53 0.47
57 57 (0) 3 : 0.639 0.361
58 58 (0) 3 : 0.682 0.318
59 59 (0) 3 : 0.487 0.513
60 60 (0) 3 : 0.582 0.418
61 61 (0) 3 : 0.645 0.355
62 62 (0) 3 : 0.551 0.449
63 63 (0) 1 : 0.596 0.404
64 64 (0) 1 : 0.489 0.511
65 65 (0) 1 : 0.41 0.59
66 66 (0) 1 : 0.503 0.497
67 67 (0) 1 : 0.509 0.491
68 68 (0) 1 : 0.665 0.335
69 69 (0) 3 : 0.43 0.57
70 70 (0) 3 : 0.611 0.389
71 71 (0) 3 : 0.648 0.352
72 72 (0) 3 : 0.663 0.337
73 73 (7) 3 : 0.606 0.394
74 74 (0) 3 : 0.572 0.428
75 75 (0) 3 : 0.621 0.379
76 76 (0) 3 : 0.602 0.398
77 77 (0) 3 : 0.661 0.339
78 78 (14) 3 : 0.624 0.376
79 79 (0) 3 : 0.617 0.383
80 80 (0) 3 : 0.563 0.437
81 81 (0) 2 : 0.001 0.999
82 82 (0) 3 : 0.649 0.351
83 83 (0) 3 : 0.564 0.436
84 84 (0) 3 : 0.423 0.577
85 85 (0) 3 : 0.53 0.47
86 86 (0) 3 : 0.542 0.458
87 87 (0) 3 : 0.714 0.286
88 88 (0) 3 : 0.543 0.457
89 89 (0) 3 : 0.586 0.414
90 90 (0) 3 : 0.644 0.356
91 91 (0) 3 : 0.53 0.47
92 92 (0) 3 : 0.732 0.268
93 93 (0) 3 : 0.636 0.364
94 94 (0) 3 : 0.563 0.437
95 95 (0) 3 : 0.548 0.452
96 96 (0) 3 : 0.531 0.469
97 97 (0) 3 : 0.683 0.317
98 98 (0) 3 : 0.742 0.258
99 99 (0) 3 : 0.609 0.391
100 100 (0) 2 : 0.001 0.999
101 101 (0) 2 : 0.002 0.998
102 102 (0) 2 : 0.002 0.998
103 103 (0) 3 : 0.578 0.422
104 104 (7) 2 : 0.007 0.993
105 105 (7) 2 : 0.003 0.997
106 106 (0) 2 : 0.001 0.999
107 107 (0) 3 : 0.511 0.489
108 108 (0) 2 : 0.001 0.999
109 109 (0) 2 : 0.001 0.999
110 110 (0) 2 : 0.013 0.987
111 111 (0) 3 : 0.603 0.397
112 112 (0) 2 : 0.001 0.999
113 113 (0) 2 : 0.002 0.998
114 114 (0) 2 : 0.006 0.994
115 115 (7) 2 : 0.007 0.993
116 116 (0) 2 : 0.001 0.999
117 117 (0) 2 : 0.001 0.999
118 118 (0) 3 : 0.688 0.312
119 119 (0) 3 : 0.418 0.582
120 120 (0) 3 : 0.478 0.522
121 121 (0) 3 : 0.608 0.392
122 122 (0) 3 : 0.52 0.48
123 123 (0) 3 : 0.642 0.358
124 124 (0) 3 : 0.546 0.454
125 125 (0) 3 : 0.694 0.306
126 126 (0) 3 : 0.576 0.424
127 127 (7) 3 : 0.727 0.273
128 128 (0) 3 : 0.612 0.388
129 129 (0) 3 : 0.674 0.326
130 130 (0) 3 : 0.615 0.385
131 131 (0) 3 : 0.684 0.316
132 132 (0) 3 : 0.54 0.46
133 133 (0) 3 : 0.678 0.322
134 134 (0) 3 : 0.753 0.247
135 135 (0) 3 : 0.553 0.447
136 136 (0) 3 : 0.683 0.317
137 137 (0) 3 : 0.654 0.346
138 138 (0) 3 : 0.665 0.335
139 139 (0) 3 : 0.539 0.461
140 140 (0) 3 : 0.677 0.323
141 141 (0) 3 : 0.559 0.441
142 142 (0) 3 : 0.515 0.485
143 143 (0) 3 : 0.743 0.257
144 144 (0) 3 : 0.618 0.382
145 145 (0) 3 : 0.496 0.504
146 146 (0) 3 : 0.562 0.438
147 147 (0) 3 : 0.599 0.401
148 148 (0) 3 : 0.653 0.347
149 149 (0) 3 : 0.57 0.43
150 150 (0) 3 : 0.625 0.375
151 151 (7) 2 : 0.004 0.996
152 152 (0) 2 : 0.001 0.999
153 153 (7) 3 : 0.486 0.514
154 154 (0) 3 : 0.627 0.373
155 155 (0) 3 : 0.686 0.314
156 156 (0) 3 : 0.573 0.427
157 157 (0) 3 : 0.653 0.347
158 158 (7) 3 : 0.568 0.432
159 159 (14) 3 : 0.602 0.398
160 160 (0) 3 : 0.517 0.483
161 161 (0) 3 : 0.677 0.323
162 162 (0) 3 : 0.585 0.415
163 163 (0) 3 : 0.599 0.401
164 164 (0) 3 : 0.587 0.413
165 165 (0) 3 : 0.482 0.518
166 166 (0) 2 : 0.002 0.998
167 167 (0) 3 : 0.558 0.442
168 168 (0) 3 : 0.564 0.436
169 169 (0) 3 : 0.652 0.348
170 170 (0) 3 : 0.563 0.437
171 171 (0) 3 : 0.677 0.323
172 172 (0) 3 : 0.762 0.238
173 173 (0) 3 : 0.617 0.383
174 174 (0) 3 : 0.627 0.373
175 175 (0) 3 : 0.688 0.312
176 176 (0) 3 : 0.545 0.455
177 177 (0) 3 : 0.661 0.339
178 178 (0) 3 : 0.708 0.292
179 179 (0) 3 : 0.504 0.496
180 180 (0) 3 : 0.629 0.371
181 181 (0) 3 : 0.488 0.512
182 182 (0) 3 : 0.636 0.364
183 183 (0) 3 : 0.61 0.39
184 184 (0) 2 : 0.011 0.989
185 185 (0) 2 : 0.006 0.994
186 186 (0) 2 : 0.005 0.995
187 187 (0) 2 : 0.004 0.996
188 188 (0) 2 : 0.004 0.996
189 189 (0) 2 : 0.001 0.999
1 1 (7) 3 : 0.44 0.56
2 2 (0) 3 : 0.583 0.417
3 3 (0) 3 : 0.648 0.352
4 4 (0) 3 : 0.561 0.439
5 5 (7) 3 : 0.751 0.249
6 6 (0) 3 : 0.573 0.427
7 7 (0) 3 : 0.553 0.447
8 8 (7) 3 : 0.783 0.217
9 9 (0) 3 : 0.542 0.458
10 10 (7) 3 : 0.602 0.398
11 11 (0) 3 : 0.595 0.405
12 12 (0) 3 : 0.631 0.369
13 13 (0) 3 : 0.621 0.379
14 14 (0) 3 : 0.608 0.392
15 15 (7) 3 : 0.577 0.423
16 16 (0) 3 : 0.443 0.557
17 17 (0) 3 : 0.519 0.481
18 18 (7) 3 : 0.609 0.391
19 19 (0) 3 : 0.572 0.428
20 20 (0) 3 : 0.704 0.296
21 21 (0) 3 : 0.557 0.443
22 22 (0) 3 : 0.708 0.292
23 23 (0) 3 : 0.67 0.33
24 24 (0) 3 : 0.691 0.309
25 25 (0) 3 : 0.547 0.453
26 26 (0) 3 : 0.657 0.343
27 27 (0) 3 : 0.62 0.38
28 28 (0) 3 : 0.635 0.365
29 29 (0) 3 : 0.599 0.401
30 30 (0) 3 : 0.574 0.426
31 31 (0) 3 : 0.574 0.426
32 32 (0) 3 : 0.698 0.302
33 33 (7) 3 : 0.604 0.396
34 34 (0) 3 : 0.568 0.432
35 35 (0) 3 : 0.624 0.376
36 36 (0) 3 : 0.661 0.339
37 37 (0) 3 : 0.746 0.254
38 38 (0) 3 : 0.694 0.306
39 39 (0) 1 : 0.629 0.371
40 40 (0) 1 : 0.654 0.346
41 41 (0) 1 : 0.46 0.54
42 42 (0) 1 : 0.541 0.459
43 43 (7) 3 : 0.574 0.426
44 44 (7) 3 : 0.631 0.369
45 45 (0) 1 : 0.525 0.475
46 46 (0) 1 : 0.569 0.431
47 47 (0) 1 : 0.598 0.402
48 48 (0) 1 : 0.54 0.46
49 49 (0) 3 : 0.591 0.409
50 50 (0) 3 : 0.621 0.379
51 51 (7) 3 : 0.647 0.353
52 52 (7) 3 : 0.555 0.445
53 53 (0) 3 : 0.534 0.466
54 54 (0) 3 : 0.675 0.325
55 55 (0) 3 : 0.603 0.397
56 56 (0) 3 : 0.53 0.47
57 57 (0) 3 : 0.64 0.36
58 58 (0) 3 : 0.683 0.317
59 59 (0) 3 : 0.487 0.513
60 60 (0) 3 : 0.582 0.418
61 61 (0) 3 : 0.647 0.353
62 62 (0) 3 : 0.551 0.449
63 63 (0) 1 : 0.596 0.404
64 64 (0) 1 : 0.489 0.511
65 65 (0) 1 : 0.41 0.59
66 66 (0) 1 : 0.503 0.497
67 67 (0) 1 : 0.51 0.49
68 68 (0) 1 : 0.664 0.336
69 69 (0) 3 : 0.43 0.57
70 70 (0) 3 : 0.61 0.39
71 71 (0) 3 : 0.648 0.352
72 72 (0) 3 : 0.664 0.336
73 73 (7) 3 : 0.606 0.394
74 74 (0) 3 : 0.571 0.429
75 75 (0) 3 : 0.621 0.379
76 76 (0) 3 : 0.602 0.398
77 77 (0) 3 : 0.66 0.34
78 78 (14) 3 : 0.625 0.375
79 79 (0) 3 : 0.617 0.383
80 80 (0) 3 : 0.563 0.437
81 81 (0) 2 : 0.001 0.999
82 82 (0) 3 : 0.65 0.35
83 83 (0) 3 : 0.563 0.437
84 84 (0) 3 : 0.423 0.577
85 85 (0) 3 : 0.53 0.47
86 86 (0) 3 : 0.541 0.459
87 87 (0) 3 : 0.714 0.286
88 88 (0) 3 : 0.543 0.457
89 89 (0) 3 : 0.586 0.414
90 90 (0) 3 : 0.644 0.356
91 91 (0) 3 : 0.53 0.47
92 92 (0) 3 : 0.732 0.268
93 93 (0) 3 : 0.636 0.364
94 94 (0) 3 : 0.564 0.436
95 95 (0) 3 : 0.548 0.452
96 96 (0) 3 : 0.529 0.471
97 97 (0) 3 : 0.684 0.316
98 98 (0) 3 : 0.743 0.257
99 99 (0) 3 : 0.609 0.391
100 100 (0) 2 : 0.001 0.999
101 101 (0) 2 : 0.002 0.998
102 102 (0) 2 : 0.002 0.998
103 103 (0) 3 : 0.578 0.422
104 104 (7) 2 : 0.007 0.993
105 105 (7) 2 : 0.003 0.997
106 106 (0) 2 : 0.001 0.999
107 107 (0) 3 : 0.511 0.489
108 108 (0) 2 : 0.001 0.999
109 109 (0) 2 : 0.001 0.999
110 110 (0) 2 : 0.013 0.987
111 111 (0) 3 : 0.602 0.398
112 112 (0) 2 : 0.001 0.999
113 113 (0) 2 : 0.002 0.998
114 114 (0) 2 : 0.006 0.994
115 115 (7) 2 : 0.007 0.993
116 116 (0) 2 : 0.001 0.999
117 117 (0) 2 : 0.001 0.999
118 118 (0) 3 : 0.688 0.312
119 119 (0) 3 : 0.418 0.582
120 120 (0) 3 : 0.477 0.523
121 121 (0) 3 : 0.609 0.391
122 122 (0) 3 : 0.519 0.481
123 123 (0) 3 : 0.642 0.358
124 124 (0) 3 : 0.546 0.454
125 125 (0) 3 : 0.694 0.306
126 126 (0) 3 : 0.576 0.424
127 127 (7) 3 : 0.726 0.274
128 128 (0) 3 : 0.612 0.388
129 129 (0) 3 : 0.675 0.325
130 130 (0) 3 : 0.615 0.385
131 131 (0) 3 : 0.685 0.315
132 132 (0) 3 : 0.539 0.461
133 133 (0) 3 : 0.678 0.322
134 134 (0) 3 : 0.753 0.247
135 135 (0) 3 : 0.555 0.445
136 136 (0) 3 : 0.684 0.316
137 137 (0) 3 : 0.655 0.345
138 138 (0) 3 : 0.665 0.335
139 139 (0) 3 : 0.539 0.461
140 140 (0) 3 : 0.677 0.323
141 141 (0) 3 : 0.559 0.441
142 142 (0) 3 : 0.515 0.485
143 143 (0) 3 : 0.744 0.256
144 144 (0) 3 : 0.618 0.382
145 145 (0) 3 : 0.498 0.502
146 146 (0) 3 : 0.564 0.436
147 147 (0) 3 : 0.599 0.401
148 148 (0) 3 : 0.652 0.348
149 149 (0) 3 : 0.57 0.43
150 150 (0) 3 : 0.626 0.374
151 151 (7) 2 : 0.004 0.996
152 152 (0) 2 : 0.001 0.999
153 153 (7) 3 : 0.487 0.513
154 154 (0) 3 : 0.626 0.374
155 155 (0) 3 : 0.686 0.314
156 156 (0) 3 : 0.573 0.427
157 157 (0) 3 : 0.655 0.345
158 158 (7) 3 : 0.568 0.432
159 159 (14) 3 : 0.602 0.398
160 160 (0) 3 : 0.518 0.482
161 161 (0) 3 : 0.677 0.323
162 162 (0) 3 : 0.585 0.415
163 163 (0) 3 : 0.6 0.4
164 164 (0) 3 : 0.587 0.413
165 165 (0) 3 : 0.482 0.518
166 166 (0) 2 : 0.002 0.998
167 167 (0) 3 : 0.559 0.441
168 168 (0) 3 : 0.563 0.437
169 169 (0) 3 : 0.652 0.348
170 170 (0) 3 : 0.563 0.437
171 171 (0) 3 : 0.678 0.322
172 172 (0) 3 : 0.762 0.238
173 173 (0) 3 : 0.617 0.383
174 174 (0) 3 : 0.627 0.373
175 175 (0) 3 : 0.687 0.313
176 176 (0) 3 : 0.546 0.454
177 177 (0) 3 : 0.661 0.339
178 178 (0) 3 : 0.708 0.292
179 179 (0) 3 : 0.504 0.496
180 180 (0) 3 : 0.629 0.371
181 181 (0) 3 : 0.488 0.512
182 182 (0) 3 : 0.636 0.364
183 183 (0) 3 : 0.61 0.39
184 184 (0) 2 : 0.011 0.989
185 185 (0) 2 : 0.006 0.994
186 186 (0) 2 : 0.005 0.995
187 187 (0) 2 : 0.004 0.996
188 188 (0) 2 : 0.004 0.996
189 189 (0) 2 : 0.001 0.999
1 1 (7) 3 : 0.44 0.56
2 2 (0) 3 : 0.583 0.417
3 3 (0) 3 : 0.648 0.352
4 4 (0) 3 : 0.561 0.439
5 5 (7) 3 : 0.751 0.249
6 6 (0) 3 : 0.573 0.427
7 7 (0) 3 : 0.553 0.447
8 8 (7) 3 : 0.783 0.217
9 9 (0) 3 : 0.543 0.457
10 10 (7) 3 : 0.603 0.397
11 11 (0) 3 : 0.594 0.406
12 12 (0) 3 : 0.63 0.37
13 13 (0) 3 : 0.621 0.379
14 14 (0) 3 : 0.608 0.392
15 15 (7) 3 : 0.577 0.423
16 16 (0) 3 : 0.443 0.557
17 17 (0) 3 : 0.519 0.481
18 18 (7) 3 : 0.609 0.391
19 19 (0) 3 : 0.572 0.428
20 20 (0) 3 : 0.704 0.296
21 21 (0) 3 : 0.557 0.443
22 22 (0) 3 : 0.707 0.293
23 23 (0) 3 : 0.67 0.33
24 24 (0) 3 : 0.69 0.31
25 25 (0) 3 : 0.547 0.453
26 26 (0) 3 : 0.657 0.343
27 27 (0) 3 : 0.62 0.38
28 28 (0) 3 : 0.635 0.365
29 29 (0) 3 : 0.598 0.402
30 30 (0) 3 : 0.573 0.427
31 31 (0) 3 : 0.574 0.426
32 32 (0) 3 : 0.698 0.302
33 33 (7) 3 : 0.603 0.397
34 34 (0) 3 : 0.567 0.433
35 35 (0) 3 : 0.624 0.376
36 36 (0) 3 : 0.661 0.339
37 37 (0) 3 : 0.745 0.255
38 38 (0) 3 : 0.694 0.306
39 39 (0) 1 : 0.629 0.371
40 40 (0) 1 : 0.654 0.346
41 41 (0) 1 : 0.461 0.539
42 42 (0) 1 : 0.54 0.46
43 43 (7) 3 : 0.575 0.425
44 44 (7) 3 : 0.632 0.368
45 45 (0) 1 : 0.525 0.475
46 46 (0) 1 : 0.569 0.431
47 47 (0) 1 : 0.599 0.401
48 48 (0) 1 : 0.54 0.46
49 49 (0) 3 : 0.59 0.41
50 50 (0) 3 : 0.62 0.38
51 51 (7) 3 : 0.647 0.353
52 52 (7) 3 : 0.556 0.444
53 53 (0) 3 : 0.534 0.466
54 54 (0) 3 : 0.675 0.325
55 55 (0) 3 : 0.603 0.397
56 56 (0) 3 : 0.529 0.471
57 57 (0) 3 : 0.639 0.361
58 58 (0) 3 : 0.682 0.318
59 59 (0) 3 : 0.487 0.513
60 60 (0) 3 : 0.582 0.418
61 61 (0) 3 : 0.646 0.354
62 62 (0) 3 : 0.551 0.449
63 63 (0) 1 : 0.596 0.404
64 64 (0) 1 : 0.49 0.51
65 65 (0) 1 : 0.411 0.589
66 66 (0) 1 : 0.504 0.496
67 67 (0) 1 : 0.509 0.491
68 68 (0) 1 : 0.665 0.335
69 69 (0) 3 : 0.43 0.57
70 70 (0) 3 : 0.61 0.39
71 71 (0) 3 : 0.648 0.352
72 72 (0) 3 : 0.663 0.337
73 73 (7) 3 : 0.605 0.395
74 74 (0) 3 : 0.572 0.428
75 75 (0) 3 : 0.621 0.379
76 76 (0) 3 : 0.602 0.398
77 77 (0) 3 : 0.661 0.339
78 78 (14) 3 : 0.624 0.376
79 79 (0) 3 : 0.618 0.382
80 80 (0) 3 : 0.563 0.437
81 81 (0) 2 : 0.001 0.999
82 82 (0) 3 : 0.65 0.35
83 83 (0) 3 : 0.564 0.436
84 84 (0) 3 : 0.422 0.578
85 85 (0) 3 : 0.53 0.47
86 86 (0) 3 : 0.541 0.459
87 87 (0) 3 : 0.714 0.286
88 88 (0) 3 : 0.543 0.457
89 89 (0) 3 : 0.586 0.414
90 90 (0) 3 : 0.644 0.356
91 91 (0) 3 : 0.53 0.47
92 92 (0) 3 : 0.732 0.268
93 93 (0) 3 : 0.635 0.365
94 94 (0) 3 : 0.564 0.436
95 95 (0) 3 : 0.548 0.452
96 96 (0) 3 : 0.529 0.471
97 97 (0) 3 : 0.684 0.316
98 98 (0) 3 : 0.743 0.257
99 99 (0) 3 : 0.609 0.391
100 100 (0) 2 : 0.001 0.999
101 101 (0) 2 : 0.002 0.998
102 102 (0) 2 : 0.002 0.998
103 103 (0) 3 : 0.578 0.422
104 104 (7) 2 : 0.007 0.993
105 105 (7) 2 : 0.003 0.997
106 106 (0) 2 : 0.001 0.999
107 107 (0) 3 : 0.512 0.488
108 108 (0) 2 : 0.001 0.999
109 109 (0) 2 : 0.001 0.999
110 110 (0) 2 : 0.013 0.987
111 111 (0) 3 : 0.603 0.397
112 112 (0) 2 : 0.001 0.999
113 113 (0) 2 : 0.002 0.998
114 114 (0) 2 : 0.006 0.994
115 115 (7) 2 : 0.007 0.993
116 116 (0) 2 : 0.001 0.999
117 117 (0) 2 : 0.001 0.999
118 118 (0) 3 : 0.688 0.312
119 119 (0) 3 : 0.418 0.582
120 120 (0) 3 : 0.477 0.523
121 121 (0) 3 : 0.608 0.392
122 122 (0) 3 : 0.519 0.481
123 123 (0) 3 : 0.641 0.359
124 124 (0) 3 : 0.546 0.454
125 125 (0) 3 : 0.693 0.307
126 126 (0) 3 : 0.577 0.423
127 127 (7) 3 : 0.726 0.274
128 128 (0) 3 : 0.612 0.388
129 129 (0) 3 : 0.674 0.326
130 130 (0) 3 : 0.615 0.385
131 131 (0) 3 : 0.684 0.316
132 132 (0) 3 : 0.539 0.461
133 133 (0) 3 : 0.677 0.323
134 134 (0) 3 : 0.754 0.246
135 135 (0) 3 : 0.555 0.445
136 136 (0) 3 : 0.683 0.317
137 137 (0) 3 : 0.655 0.345
138 138 (0) 3 : 0.666 0.334
139 139 (0) 3 : 0.54 0.46
140 140 (0) 3 : 0.677 0.323
141 141 (0) 3 : 0.56 0.44
142 142 (0) 3 : 0.515 0.485
143 143 (0) 3 : 0.743 0.257
144 144 (0) 3 : 0.618 0.382
145 145 (0) 3 : 0.496 0.504
146 146 (0) 3 : 0.564 0.436
147 147 (0) 3 : 0.599 0.401
148 148 (0) 3 : 0.652 0.348
149 149 (0) 3 : 0.571 0.429
150 150 (0) 3 : 0.626 0.374
151 151 (7) 2 : 0.004 0.996
152 152 (0) 2 : 0.001 0.999
153 153 (7) 3 : 0.486 0.514
154 154 (0) 3 : 0.626 0.374
155 155 (0) 3 : 0.686 0.314
156 156 (0) 3 : 0.573 0.427
157 157 (0) 3 : 0.655 0.345
158 158 (7) 3 : 0.568 0.432
159 159 (14) 3 : 0.602 0.398
160 160 (0) 3 : 0.517 0.483
161 161 (0) 3 : 0.677 0.323
162 162 (0) 3 : 0.586 0.414
163 163 (0) 3 : 0.6 0.4
164 164 (0) 3 : 0.587 0.413
165 165 (0) 3 : 0.482 0.518
166 166 (0) 2 : 0.002 0.998
167 167 (0) 3 : 0.559 0.441
168 168 (0) 3 : 0.563 0.437
169 169 (0) 3 : 0.652 0.348
170 170 (0) 3 : 0.563 0.437
171 171 (0) 3 : 0.677 0.323
172 172 (0) 3 : 0.761 0.239
173 173 (0) 3 : 0.617 0.383
174 174 (0) 3 : 0.627 0.373
175 175 (0) 3 : 0.687 0.313
176 176 (0) 3 : 0.546 0.454
177 177 (0) 3 : 0.661 0.339
178 178 (0) 3 : 0.707 0.293
179 179 (0) 3 : 0.504 0.496
180 180 (0) 3 : 0.629 0.371
181 181 (0) 3 : 0.488 0.512
182 182 (0) 3 : 0.635 0.365
183 183 (0) 3 : 0.61 0.39
184 184 (0) 2 : 0.011 0.989
185 185 (0) 2 : 0.006 0.994
186 186 (0) 2 : 0.005 0.995
187 187 (0) 2 : 0.004 0.996
188 188 (0) 2 : 0.004 0.996
189 189 (0) 2 : 0.001 0.999
